0
0
0
0
0
0
0.0311787066950015
-0.802333712295588
0
0
0
0
0
0
0
-0.363664028676658
0
-0.365263659924163
0.486935304855716
0.15542643288359
0
0
0
0.666578436956635
0
0
0
0
0
0
0
0
-0.256533261641466
0
0
0
0
0
0
0
0
0
0.424359915125807
-0.220778834394091
-0.574579451244342
0
0
0
0
0
0
-0.847107866299012
0
0
0
0
0
0
0
0
0
0
0
0
0
0
0.660772110996445
0
-0.210881569860509
-0.379769734559133
0
0
0
0
0
0
0
0
0
0.784245249720883
0
0
0
0.460334829511129
0
0
0
0
0
0
0
-0.232737451816637
-0.450931121305495
0
-1.07148675397801
0
1.13522814337391
0.200293845261255
0
0
0
0
-0.909954484830148
0
-0.571167837051959
0
0
0.219621318511283
0
0
0
0.159675125314728
0
0
0.244596932854983
0
0
0
0
0.0592652664253999
0
0
0
-0.119680573465587
0
-0.283670811959318
0
0
0
0
0
0
0
0
-0.0276243647620712
0
0
0
0
0
0
-0.307612347953999
0
-0.215550113026968
0
-0.0310344298131209
0
0
0
0
-0.339064061171643
0
0
-0.0480413360539245
0
0
0
0
0
0
0
0
0.434032889260643
0
0
0
0
0
0
0
-0.238576259983657
-0.999814146838254
0
-0.359286943737855
0
0
0
0
0
0
0
0.409904827619887
0
0
0
0
0
0
0
0
0
0.840178398506177
0
0.802372587814246
0
-0.132143507781607
0
0
0
-0.125772184889374
0
0
0.125936426341736
0
0
0
0
0
0
0
-0.162878047923663
0
0.936646498949069
0
0.0355616268637622
0
0
0
0
0
0.340819092907413
0
0
0
-0.245072439099572
0
0.137231577664511
0
0
0
0.371583663907665
0
0
0
0
0
0
0
0
0
0
0
0
0
0
-0.613290258356105
0
-1.17943032942452
0
0
0
0
0
0
-0.127539686917049
0
0
0.9384709213618
0
0
0.0559263957278929
0
0
0
0
0
0
0
0
0
0
0
0
0.189611219711027
0
0
0
0
0
0
0.0796408325938304
0
0
0.745445660998172
-0.263808337281542
0
0
0
0
0
0.356398525888676
0
-0.237659183855173
-0.0669971078632038
-1.05034842348715
0
0
0
0.296346600464145
-0.267796600678635
0
0
0
0
0
0
0
-0.263119713087486
0
0
0
0
0
0
0
0
0
-1.00667081883258
0
0.597047667349753
0
0
0
0
0
0
0
0
0
-0.407922363865026
0
-1.1258343336289
0
-0.335088301898275
-0.932896602066857
0.128695066244954
0
0
0
0
0
0
0
0
0
0
0
0
0
0
0
-0.210947546899951
0
0
-0.250981913503822
0
0
0
0
0
0
0
0
0.936462927185398
0
0.308363671725516
0
0
0
0
0
0
0
0.821602343955135
0
0
-0.159206091945117
0
0
0
0
-0.365961264700322
0
-0.0276896998523929
0.3872640216854
0
0
0
0
0
0
0
0
0
0
1.12217752898621
-0.181492294956211
0
0
-0.125781383117207
0
0
0
-0.826163381926845
0
-0.0462467401131132
0
0
0
-0.441088358764618
0.300416136436347
0
0
-0.362600574181004
0
0
0
0
-1.00905383899829
0
-0.309653334279439
0
0
0
0
0.480519529319899
0.510479242263189
0
0
-0.307930140536227
0
0
0
0
-0.255152618929635
0
0
0
0
0
0
0
0
0.254436704287822
0
0
0
0
0
0
0
0
0
-0.349598631518016
-0.327797227864956
0
0
0
0
-0.227458093041681
0
0
0.189212733304718
-0.22637057283682
0
0
0
-0.560949449006703
0
0
0
0
0.359237224975798
0
0
-0.342861448167937
0
0
0
0
0.277806390830434
0
0.454259035304245
0
0
0
0
0
0.389780596671923
0
0
0
0
0
0
0
0
0
0
0
-0.579679166464201
0
0
0
0.272050321217601
0
0
0
0
0
-0.709701523238834
0
0
0.236539037051384
0
0.268942420245723
0.172463487378814
-0.131225278448614
0
0.511772995509557
0
0
0
-0.751871134265073
0
0
0
0
0
0
0
0
0
0
0
0
0.633765912389129
0
-0.956409557143921
0
0
0
0
0
0
0
0
0
0
0
0
0
0
0
0
0
0
0
0
0
0.0706579144089238
0
0
0
0.311793444063538
-0.207495457464551
0
0
0
0
0
-0.452319085572958
-0.0118472757191667
0
0
0
0
0.425379619738603
0
0
0
0
0
-0.631820968275695
0
0
0
0
0
0.701851417838652
0
0.0106618142381223
0
-0.277812780024412
-0.412781490087889
0
0.0326058858116503
0
0
0
0
0
0
0
0.902199854475119
0
0
0
0
0
-0.508921610521674
0
0
0
0
0
0
0
0.0214545486086703
0.0877694134604481
0
0
0
-0.0378872736145489
0
0
0
0
0.753845222764
0.630853603909545
0
0
-1.1034432731494
0
0
0
0
0
0.225464055563103
0
0
0
0.423449255528769
0
0.18966826843256
-0.563023996684256
0
0
0
0
0
0.0039568952552146
0
0
-0.677906131948817
0
0
0
0
0
0.233370010596355
0.564073501003463
-0.783265972890483
0
0
0
0.571474804711234
0
0
0
0
0
0
0
0
0
0
0
0
0
0
0
-0.540548820050522
0
0
0
0
0
0
0
0
0
0
0
0
0
0
0.189143187144491
0
0
0
0
0
0
0
0
0
0
0.0877130774715342
0
0
0
0
0
0
0
0
-1.21449554997306
0
0
0.143158334996804
0
0
0
0.112824988611287
0
-0.373742821537678
0.637515030373236
0.165453274687031
-0.00348633772998625
0
0
0
0
0
0
0
0.667742092036904
0
0
-0.21531363621378
-0.893878608693278
-0.0758344392896387
0
0
0
-0.462833780726274
0
0
0
-0.774503351574997
-0.625232385734384
0
-0.4292369420088
0
0
0
0
0
0
-0.0665950186990312
0
0
-0.685744609415255
0
0
0
0
0
-0.248070026012862
0
0
0
0
-0.14258756564561
0
0.217314506971806
0
0
-0.576887588536926
0
0
0
0
0
0
-0.212056323483328
0
0
-0.815037593706409
0
-0.071490811235434
0
0
-0.17509772365648
0
0
0
0
-0.0251043380701658
-0.0534702617153108
0
0
0
0
0
0
0
0
0
0
0
0
0
-0.266010446361661
0
0
0
0
0
0
0
0.195222211811552
0
0
0
-0.16198868735289
-0.147271906256895
0.592473542257316
0
-0.166341272241082
0
0.919030144678771
0
0.0128067224059413
-0.318905436146744
0
0
0.678733242939667
0
0.933374193527769
0
0
0
0.386295373360523
0
0
0
0
0
0
0
0
0
0
0
0
0.889371612855497
0
0
0
0
0
0
-0.590294988845272
-0.0446294738380851
0
0
0
0
0
0
0
0
0
0
0.0297621978400497
0
0.083731774637835
0
0
0
0
0
0
0
0
0
0
-0.306854711019294
-0.136057954359425
0.373504187604094
0
0
-0.228937157710562
0
0
0
0
0
0
0
0
0
0.476608518932837
0
0.190610904805101
0
0
0
0
0
0
0
0
0
-0.617109475280816
0
0
0
0
0
0
0
0
0
0
0
0.125026237606313
-0.303888217809408
-0.117752549176611
0
0
0
-0.30572106360129
0
0
0
0
0
0
0
0
-0.269982256009381
0
-0.427329481273558
0.189920687367007
0
0
0
-0.468076038250759
0.452714363350786
-0.238055310723477
0
0
0
0
0
0
0
0
0
0.127390762190075
0
0
0
0.579896372381622
-0.761314797485958
0
0.397139386770836
0
0
0
0
0.311389500507298
0
0
0
0
0
0
0
0.418404954345441
0.179731071264489
0
0
0
0.712259720803198
-0.565183122147061
-0.0222198629010998
0
0
0
0
0
0
0
0
-1.25969507845212
0
0
0
0.05152441248581
0
0
0
0
0
0.55478801940281
0
0
0
0
0.300978476996538
0
0
0
0
0
0
0
0
0
0
0
0.329426335581685
0
0
0
0
0
0
0
0
0
0.489982248343802
0
0.0955570468788124
0.386744339556329
0
0
0
0.555591675442619
0
0
0
0
-0.31747386527716
-0.611177209735934
0.436049119041187
0
-0.0830226750703387
0.637347779180445
0
0
-0.133115182735441
1.02665016852802
0
0
0
0
0
0
0
0
0
0
0
0
-0.00662730226122306
-0.204822669169284
0
0
0
-0.97475775656632
0
0.0488517382700305
-1.00038758476116
0
0
0
0
0
0
0
0.781271778360011
0
0
0.47890733851882
0
0
0
0
0
0
0
0
0
0
0
0
0
0.13894435145502
0
1.0312014336606
0
0
0
0.333316826356877
0
0
0
0.00485867902315804
-0.704905138464973
0
0
0
0
0
0
0
0
0
0
-0.999908811045422
0
0
0
0.453629763751588
0
0
-0.937944517830593
0.548316852377462
0
0.676116124766892
0
0
0
0
0
0
0
0
0
0
0
-1.14145825656713
0
0
0
0
0
0
0
0
0
0.549611803574637
-0.0421658892312261
0
0
0
0
-0.0226068869281689
0
1.03358031136115
0
0
0
-0.67362022221428
0
0
0
0
0
0
0
0.373843773992413
0
0
0
0
-0.0254819141940867
0
0
0
0
0
0
0
0
0
0.493813009982664
0
-0.520717204531026
0
1.18426312658787
0
0
0
0
0
0
0
0.600467316214434
0
0.866070621311399
-0.671773234904623
0
-0.431155655614184
0
0
0.948252712652669
0
0
0.265637115082261
0
0
0
0
0
0
0
0
0
0
0
0.129775019611868
0
0
0
0
0.254186200388394
0
0
-0.654797687375713
0
0
0
0
0
0
0
0
0
0
0
-0.244316437818769
0.00309878834743604
-0.0308476038723051
0
0
0.270291717106492
0.268144528247781
0.455788841422601
0
0
0
0
0
-0.322134572094152
0
0
-0.545627738881356
0
0
0
0.369908703218354
0.573473919153457
0
-0.126038528829392
0
0
0.402946832175051
0.230729909867905
0
-0.701036470388485
0
0
-0.55091440291848
0
0
-0.122457791365968
0
0
0
0
0
0
0.0993704838351259
0
-0.704640445976197
0
0
0
0
0
0
0
0
0
0
0
0
0
-0.197844808330877
0
0
0
0
0
0
-0.837119638367083
0.129382264651281
0
0
0
0.431907503312497
0
0
0
0
-0.171906055419176
0
0
0
0
0
0
0
-0.773917386277351
-0.914194773751201
0
0
0
0
0
0
0
0
0
0
-0.704757802718769
0
0
0
0
0
1.14068891111813
0
0
0
0
0
0
0
0.14708270474773
0
0
-1.4990415801555
0
0.266074450148605
0
0
-0.40674235073183
0
0
-0.0630522204064163
0
0
0
0
0
0
0.927618921529334
0
0
0
0
0
0
0
0
0
0
0
0
0.361445919453949
0.437006719596376
0.774047671988792
0
0
0
0
0
1.10199232146288
0
0
0
0
0
0.714384130079442
0
0
0.133945239181986
0
-0.332901085779194
0
-0.0950575135716879
0
0
-0.124082623348359
0.0539347950221166
0
0
0
0.106941736103463
0
0
0
-0.229485821212822
0.623837685613551
0
-0.032434227385269
-0.0675098357538778
0.376757536035202
0
0
0
0
0
0
0
0
0
0
0
0
0
0
0.493150799917739
0
0.63601974857908
0.0877338504528301
0
1.66846359576268
0
0
0
0
0
0
0
0
0
0
0
0
0
-0.195462380769147
0
0
0
0.587579298256727
0
-0.126806430109798
-0.238484600065253
0
0.145185692375988
0
-0.0553358913131797
0.452132586433467
0
0
0.700853120504963
0
0
0
0.165211993822465
0
0
0
0
0.210866240055525
0
0
0
0
0
0
0
0
0
0.619369969512747
0
0
0
0
0
0
0
0
0
0.700555946205298
0
0
0
0
0
-0.486373517804488
0
-0.152380352525851
0
-0.0979607247772089
0
-0.866874418179548
0
0
0
0
0
0
-0.240027087896515
0
0
0
0
0.470544392933126
0
0
0
-0.948114775132358
0
-0.243483629867574
0
0
0
0.742459959881552
0
0
0
-0.8370115027202
0
0
0
0.292598284751366
0
-0.562437559754988
0
0
0.148061921028113
-0.729647477790149
0
0
0
0.333091629461635
0
0
0
0
0
0
-0.831408354453448
0
0
0
0
-1.13407319362837
0
0
0.0574512682915074
0.0862370932650213
0
0.0456824353794446
0
0
0.42869497085143
0
0
0
0
0
0
0
0.534059146174768
0
0
0.293248682169313
0
0
0
0
0
0
0
0
0
-0.301717605878134
0
0.841091271709686
0.414026550581072
0
0.280588007595247
0
-0.0448918725970268
0
0
0
0
0
0
0.165092388279351
0
0
0
0
0
0
0
0
0
0
0
0.914711002472544
0
0
0
0
0
0
0
-0.152640504774801
0
0.266971488281362
0
0
0
0
0
0
0
0
0
0
0
-0.210648073591534
0
0
0
0
0
-0.447630065341038
0.39243075398858
0.617799707033895
0
0
0
0
0
-0.415169592104923
0
0
0
0
0.214153586762755
0
-0.746624896621336
-0.721655837378495
0
0.720118525534553
0
-0.272919496994923
0
0
0
0
0
0
0.265545934692892
0
0
0
-0.483658955133202
0.774951004757447
0
0
0
0
-0.196476073094959
0.0921849923973152
0
0
0
0
0
0
0
0.127406399688716
0
0
0
0
-0.897650698504428
0
0
0
0
0
-0.219165901193502
0
0
0
0
0
1.15172863591304
-0.135815008940416
0
0
0
0
0.0623383861758723
0
0
0
0
0.664516648448994
0
0
0
0
0
0
0
0
0
0
-0.0253814083865697
0
0
0
0
0
0
0
0
-0.180720127567073
-0.200138557154741
0
0
0.854740258907411
0
0
0
0
0.0125518872114358
0
0
0
-0.303893484795965
0
0
0.363661698173455
0.104458594463868
0
0
0.710517476960208
0
0
0
0
0
0
0.787081568783003
0.634201356367511
0
0
0
0
0
0
0
0
0
0
0
0
0
0
0
0.710268707990992
0
0.878732071120283
-0.53915433115945
0
0.0718486799493725
0
0.0202651191006999
0
0
-0.72546811543014
0
0
0
0.261848649432225
0
0
-0.0576524611447915
0
0
0
0
-0.0322160202238377
0
0
0
-0.187527955999559
0
0
0
0
1.0148745262629
0
0
0
0.988646778241061
-0.199120050959617
0.210350462445845
0
0
0
0
0
0
0
0
0
0
0
0
0
0
0
-0.433238791737626
0
0
0
0
0
0.479710006188122
0
0
0.372748181075612
0.449551456830675
0
0
0
0
0
0
0
0
-0.854357275471233
0.267654645269975
0
0
0
0
-0.95043854482148
0
0
0
0
0
0
0
0
0
0
0
0
0
0
0
0
0
0
0
0
0
0
0
0
0
0
-0.24859718520002
0
0
0.685186751646371
0
0
0
0.818423000819376
0
-0.0702020192061324
0
0
0
0
-0.799156221688876
0.208966903447895
0.488332933158737
0
0.0762585310910505
0
-0.665271854971051
0
0
0
0
0
-0.904628052611423
0
0.239675507706319
0
0
0
0
0
0
0.318273465755783
-0.283129655899818
0
0
0
0
0
-0.270847338074078
-0.0176454344210814
-0.0175903431500734
0
0
0
0
0
-0.505116038792913
0
0
-0.622833998190528
0
0
0
0.238429313121124
0
0
0
0.474167798096046
0
0
0
0
0
0
0
0
0.647786267804196
0
0.270937619210853
0
0
0
0.299431226357292
0
0
0
0.157595017233443
0
0
0
0
0
0
-0.592879892877454
0
1.20148707742346
0
0
-0.249655551454568
0
0
0
-0.278770483512767
-0.784454984276149
0
0
0.312544595534755
0
0
0
0
0
0
0
0
-0.301924993147467
0
0
-0.113151070261406
0
0
0.936675895135218
0
0
0
0
0.0625464307267939
0
0
0
0
0
0
0
-0.0699520092705474
0
0
-0.0185165284756915
0
0
0
0
0.0371643727828863
0
0
-0.247544040557656
0
0
0
0
0
0.304927039045237
0.619949581766317
-0.240156348013272
0
0
0
0
0.211896877181809
0
0.414568785957555
0
0
0
0
0
0.113061156002788
0
0.242863823944467
0
0
0
0
0
0
0
0
0
0
0
0
-0.345722351705881
0
0
0
0
0
-0.260365002614451
0
0
0
0
0.594674038388284
0
0
0
0
0.364584456914085
0
0
0
0
0
1.10907720584511
0
0
0.0433392654073803
0
0
0
0.734793407836831
0
0
0.176814658017136
0
0
0
0.020032984374889
0
0
0.145700950187874
0
0
0
0
0
0
0
0
-0.0198085975685619
-0.510752803747007
-0.267559599941002
0.199137997853635
0
0
0.952387529902623
0
0
0
0
-0.0801251781035254
0
0
0
0
0
0
0
0
0
0
0
0.110418425155319
0
0
0
0
-0.0318697846448854
0
0
0
0
0
0
-0.655001814528461
0
0
0
0.748422775008662
-0.33333439892981
0
0
0
-0.245228897275347
0
0
0
0
0
0
0
0
0
0
0
0
0
0.545297632155845
0
0
0
0
0
0
0.375417644141425
0
0
0
0
0
0
0
-0.25417972970307
0
0
-0.45483189712075
0
-0.344176281151598
0
0
0
0
0
0.378443197133364
0
0
0
0
-0.667531008094758
0
0
0
0
0
0
0
0
-0.0353890658273731
0
0
0
0
-0.354711606845748
0.0298177590503229
0.169065261978885
0.350596687589889
0
0
0
0
0
0
0
1.0229427969701
0
0
0
0
0
0
-0.837963847961425
0
0
1.0446714542638
-0.096070838654568
0
0
-0.000625713114157022
0
0
0
0
0
0.471386578050695
0
0
0
0
0
0
-0.430166702910532
0
0.345087074875751
0.0716926193383492
0
0
0
0
0
0
0
0
-0.154958950623838
0
0
0
0
0
0
0
0
0
-0.156844687138838
0
0
0
0
0
0
0
0
0
0
-0.0690992293123227
0
0
0.00546868148422958
0
-0.164398819551785
0
0
0
0
0
-0.00799643720762315
0
0
0
0
0.115628085827867
0
0.0125933320936422
0
-0.113886144248056
0.552370063051995
0
0
-0.5822727808661
-0.312748202086938
0
0
0
0
0
0.110216266904241
0
0
0
0
0
0
0
0
0
0
-0.466383656253655
-0.649917926527046
0
0.49650857281441
0
0
0.63073644802455
-0.782991218961339
0
0.85364717367498
0
0
0
0
0
0
0
0
0
0
0.5368063638312
-0.200022626489041
0
0
-0.233039708489377
0
0
0
0.558631503421414
0
0.638234076009025
0
0
0
0
0
0
0
0
0
0
0
0
0
0
0
-0.0216970681740881
0
0
0
0
-0.140733972549046
0
0
0.214120931986724
0
0
0
0
0
0.812776800912662
0
0.0624721621175932
0
-0.229104576886616
0
0
0
0
0
0.0139301097569365
0
0
0.600123447174629
0
0
0
0
0
0
-0.228625358871541
0
0
0
0
0
0
-0.749587033483365
0
0
-0.0408972615393827
0
0
0.325792732678601
0.811969039025558
0
0
0
0
0.1523958437568
0
0
0
0
0
0
-0.599647019249598
0
0
0.314500772732255
0.05197262523278
-0.414777176017252
0.35554856405161
0
0
0
0
0.653299909509086
0
0
0
0
0
0
0
0
0
0.00937643399802691
0
-0.143952241331786
0
0
0
0
0
0
0
0
0
0
0
0
0
0
-0.398368759417539
0
-0.101144661781806
0
0
0
0
0
0
0.519333477893198
0
-0.364987689053363
0
0
0
0
0
-1.2334765508282
-0.0284381158071075
0
0.145748126423474
0
0
0
0.755753537974996
0
0
0
0.674922828927016
0
0
0
0
-0.244433144567747
0
0
0
0
0
-0.59745145748066
0
0
0
0
0
0
0
-0.145753702784623
0
0
0
-0.204788176620181
0
0
0
-0.59720077749822
-0.0701526541359778
0
0
0
0
0
0
0
0
1.15758813144533
0.00121081557840604
0
0
0
0
0
0
0
-0.268681002631776
0.109238138362755
0
0
0
-0.40160947924925
0
0
0
-1.0145327792135
1.0930962884007
0
0
0.988479588739961
-0.167935123895634
0
0
0
0
0
0
0
0
0
0
0
0
0.149960097545679
-0.576957221584449
0
0
0
0
0
0
0
0
0
0
0
0.114607045850195
0
0.212944160242852
0
0
0
0
0
0
0.533089301704644
0
0
0
0
0
0
0
0
0.387503985765605
0
0
0
1.44990332625333
-1.17721503752504
0
0
0
0
-0.737150666203714
0
0
0
0
0
0
0
0
0
0
0
0.0683765886039367
0.0471091153415798
0
0
0
-0.431897561367404
0
0
0
-0.22939392527243
0
1.20094752934232
0
0
-0.246805908075927
0
0
0
0
0
0
0
0.295271408010848
-0.220906928324162
0.0866929003265558
0
0
0
0
0
0
0
0.230481446218588
0
-0.530657471992337
0
-0.76689911633863
0
0
0
0
0
0
0
0
0
0
0
0
0
0
0
0
0
0
0
0.683593454936537
0
0
0
0
0
0
0
0
0
0
-0.0840240955772915
0.536959259331592
0
0
0
0
0
0.21499808085624
0
0
0
0
0
0
-0.358662085535722
0
0.102798674320022
0
0
0
-0.390988297403223
0
0
0
0
0
0
0
0
0
0
0.632353883725353
0
0
0
-0.315112676001964
0
0
0.671577400963289
0.052649607119957
0
0
0
-0.409509029389136
0
0.0892646514045644
0
0.298884095970928
-0.136195496118445
-0.105365331079256
0.123774403528421
0
0.250895035244141
0
0.165343174837601
0
-0.465370802844473
-0.425727101517603
0
0
0
0
0
-1.08441677241728
0.023677695273769
0
0
0
0
0
0
0
0
0.477498597256347
0
0.134195090753986
0
0
0
0
-0.571409293923791
-0.741846709255596
0
0
0
0
0
0
0
0.314672269073802
0
-0.53877623431648
0
0
0
0
-0.0929147298313067
0
0
0
0
0
-0.0753835375753378
0
0
0
0
0
0
0
0
0
0
0
0
0
0
-0.36027461910812
0
-0.950839770669661
-1.3379376235383
0
0
0
0
0.898037054236997
0
0
0.801482366887101
-1.01012852707062
0
0
0
-0.0810483818842886
0
0
0
0
0
0
0
0
0
0
0
0
0
-0.167691751744207
0
0
0.637256262605861
-0.0294928864252546
0
0
0
0
0
0
0
0.58044961547718
0
0.0161706491554472
0
0
0.503564547282297
0.360660904093126
0
0
0.28010748741536
0
0
0
0
-0.210384969062269
0
0.204962182090553
0
0.268211838127398
0
0
0
0.35130780447261
-1.04597590349916
0
0
0
0
0
0
0
-0.51253522037185
0
0
0
0
0
0
0
0
0.518321220026521
0
0
-0.372244277706856
-0.418875832513426
-0.352234106814481
0
0
0
0
0
0
-0.319979598015469
-0.319059435977853
0
0
0
0.403789631033562
0
0
0
-0.69164734855895
0
0
0
0.504689385565211
0
0.022142672483185
0.133714896316223
0
0.650002062601873
0
0
0
0
0
0
0
0
0
0
0
0
0
-0.135595272310803
0
0
0
0.321910758980219
0
0
0
0
0
-0.390571190478038
-0.330044023738548
0
0
0
0
0
0
0
0
0
0
0
-0.0708773031446336
0
0
0
0
0
0
0
0.986946980516505
0
0
0
-0.0797395390780553
0
0
0
0
0
0
0
0
0
0
0
0.195159377603106
0
0
0.439801579641066
0
0
0
0
-0.279654027746823
0
0
0
-0.148980069500683
0
0.168808269950783
0
0
0
0
0
0
-0.272731746044306
0
0
0
0
0
-0.539653462469394
0
0
0
0
0
0
0.242972353770612
-0.0223327394614776
-0.839729786771969
-0.034156654062953
0
0
0.673177206175721
0
0
0
0
-0.216037349251899
0
0
0.107844642121652
0
0
0.201879054366322
0
0
-0.899242887471515
0
0
0
0
0.187321489439556
0
0
0
0
0
0
0
0
0
0
0
0
0
-0.641370307436285
0
-0.331716009718799
0
0
-0.0776335125132962
0
0
0
0
0
0
0
0
0
0
-0.298012955255419
0
-0.668986346275191
0
0
0
0
0
0
0.63527732310766
0
0
0
0.142875610903298
0
0
0
0
0.616476362477909
0.000695883667609427
0
1.4205738170881
0
0
0
-0.882468326604235
0
0
0
-0.616623507134821
0
0.00252475735878899
0.254952208363336
0
0
-0.262360271458775
0
0.457694121430176
0
0
-0.280427045053333
-0.14414042568184
0
0.988178745540174
0
0
0
0
0
0
0
0.319874657098645
0
0
0
0
0
0.506885874016896
0
0
0
0
-0.362172480797412
0
0
0.372805156210104
0.421380100941689
0
0
0
0
0
0
0
0
0
0
0
-0.388758912138199
0
0
0
0
0
0
0
-0.339683577395616
0
0
0
0
0
0
0
0
-0.0637898034095201
0
0
-1.09932462149409
0
0
0
0
0
0
-0.29178418376877
0
0
0
0
0
0
0
0
0
0
0
0.694715857780053
0
0
0
0
0
-0.246558407800431
0
0
0
0
0
0
0
0
0
0
0.431992622687918
0
0
0
0
0
0
0
-0.288605524483269
0
0
0
-0.552851400187032
0.849300487945403
0
0
0
0
0
0
0
0
0
0
0
0
0.833166100931523
0
0
0
0
0
0
0
0
0
0
0
0
0
-0.464500207692011
0
-0.609411896584925
0.458498182847815
0.26943976149636
0.0163618518241823
-0.494372938742842
0
0
0
1.19436772331286
0
0
-0.603927246092406
0
1.47037175046804
0
0
0
-0.618285229838372
0
0
0
0
0
0
0.525107096120646
-0.316148933592381
0
0
0
-0.204216070814684
0.366237053125571
0
-0.474653434932545
0
0.305575170765565
0.364137767291512
0
0
0
0
0
0
0
0
0.17678875070327
0
0.455425884775769
0
