0
0
0
-0.101661526798633
0
0
0
0
0
0
-0.441019740701828
0
0.116041169965405
0
-0.600697715513469
0
0
0
0
0
0.0718384498388909
-0.336000910268224
0
-0.293424309087148
0
0
-0.215900687176677
0
-0.316598018109995
0
0
0
0
0
0
0
0
0
-0.523829851875652
0
0.145094782560716
0
-0.154996618989518
0
0
-0.771382910893386
0
0.405818232864505
0
0
0.806776534899467
0
0.890111130063516
0.367381007171105
0
0
0
0.0195484630596396
0
0
0
0
0
0
0
0
0
0
0
0
1.10105464667888
0
-0.168402317267842
0
0.144069728509132
0
0
0
0
0
0.461932314331464
0.513223079653493
0
0
0
0
0
0
0
0
0
0
0
0
0
0
0
0
0
0
0.391604904287918
0
0
0
0
0
0
-0.205373625842522
0
0
0
0
0
0.0923663669014948
0
0
0
0
0.56863077414974
-0.771066457604382
0
0
0
0
0
0
0.30604601145823
0
0.475278030353324
0.154609975317259
0
0
0
0
0
0
0
0
0
0
0.951693247629431
0
0
-0.119192146533999
0
0
0
0
0
0
0
0
0
0.152286153315676
0
0
0.922546445607134
0
0
0
0
0
0.407545418151509
0.433887227429436
0
-0.199159273243382
0
0
0.155070357133212
0
0
0
0
0
0
0
0.1154799561062
-0.508662063559483
0
0
0
-0.266934728774646
0
0
0
0
0.0396915689803701
0
0
0
0
0
0
0
0.403357425042952
0
0
0
0
0
0.593485886427247
0
0
0
0.041054123706393
-0.829913193222375
0
0.414726796422145
0
0
0
0
0
-0.710851195213588
0
0
0
0
0
-0.395360881280687
0
0.117448291590769
-0.423709943124063
-0.591051526685001
0
0
0.26492700083406
0
0
0.399418116244268
0
0
0
0
0
0
-0.177942959222598
0
0
0
0
0
0
0
0
0
0
0
0
-0.889276371734809
0
0
0
0
-0.599361841477066
0
0
0
0
0.944517188801794
-0.355685576987605
0
0
0
0
0
0
0
0
0
0
0
0
0
0
0
0
-0.0882832577969785
0
-0.816886993929602
0
0
-0.461516798900705
0
0
0.232471146361344
0
0
0
0
0.333432792216459
-0.4512556437809
0
0
0
0
0
0
0
-0.499948374812987
0
0
-0.375182976648397
0
-0.505687727993141
0
0
0
0
0
0
0
0
0
0
0
0
0
0
-0.0101498618070888
0
0
0.471400478500007
0.843125117376617
0
0
0
0
0
0
0.345521531819768
0
0
0
0
0
0
0
0
0
0
0.751032234480689
0.728624413408883
0
0
0
0
0
0
0
0.257828116702589
0
0
0
0
0
0.065439671309669
0
0
0
0
0.0636736897806151
0
0
0
0
0
0
0
0
0
0
0
0.676228930950643
0.774599170516753
0
0
0
0
0
-0.223247448114703
-0.219613813151437
0
0
0
-0.0819339787087025
0.167434803785288
0
0
0
0
0
0
0.626697164677297
0
0.164086625977965
-0.679802877158094
0
0
0.36131983147375
0
0
0
0.308429054986231
0
0
0
0
0
0
0
0
0
0.606807733135046
0
0
0
0
0
0
0
0
-0.606890985093221
0
0
0
0
0
-0.405760381399425
0
0
0.272512074050152
0.154237267695082
0
0
0.207140299144662
0.217546786843373
-0.36525182554569
1.37141572459084
0.166289859513744
0
0
0
0
0
0
0
0
0
0
0
0
0
0
0
-0.70621863580101
0.286302029505326
0
0
-0.447525695382807
0
0
0
0.931942931682906
-0.695550584705704
0
0
0
0.45552080958696
0
0
0
0
0
0
0
0
0
0
0
0
0
0
0
0
0
0
0.739072837448919
0
0
0
-0.203915867980711
0.0122221899524637
0
0
0
0
0
-0.251784557394585
1.10322970635068
0
0
-0.339245249020809
-0.12668160339762
0
0
0
0
0
0
0
0.71456338960015
0
0
0
-0.206932448289768
0
0
0
0.66681366571103
0
0
0
-0.230412696086477
0
0
0
0
0
0
0
0.0171253653431923
0
0
0
0
0
0.165716728169037
0
0
0.081009561874916
0
-0.874035049604694
0
0
0
0
0
0
0
0
-0.199115577840526
0
-0.817033576173482
0
0
0
0
0
0
0
0
0
0
0.498762675030654
0.67169963555271
0
0
0
0
1.17665420967894
0
0
0
0
0
0
-0.377732558190055
0.312286789112786
0
-0.506915525720076
0
0.246575477630492
0
-0.209126664185802
0
-0.364083575628274
0
0
0
0
-0.942861697206018
0
0
0
0
0
0
0
0
0
0
0.689612238619257
0
0
0
0
0
0
0
0
0
0
0
0
-0.175157190716607
0
0
-0.287542489541826
0
0
0.527723886221225
0
0
0
0
0
0
0
0
0
0
0
0
0
0
0
0
-0.620407235948763
-0.310544304671382
0
0.485019295901713
0
0.833956882527377
0
0
-0.281393773628032
0
0.573535681923857
0
0
0
0.0460818963338217
0
0
-0.274669161771848
0
0
-0.691952540185602
0
0
0
-0.75776862508004
0
0.530461603578736
0
0
0
0
0
0
-0.042169846335885
0
0
0.243554344694576
0
0
0
-1.31086951785391
0
0
0
0
0
0
0
0
0
0
0
0
0
-0.604036648148539
-0.448853622309403
0
0
0
0
0
-0.360282897042149
0
0
0
0
0
0.0383115005437096
0
0
-0.539475755354217
0
0
-0.392028923501309
0
0.0450530841424942
0
0
0.713072669801954
0
0
0
0
0
0
-0.15036765318094
-0.144743506343674
0
0
0
0.093094715029022
-0.00240130531020702
0
0
0
0
0
0
0
0
0.557290451746877
0
0
0
0
-0.673793452148813
0
0
0.559243140028271
0
0
0
0
0
0
1.05559655677256
0
0
0
0
0
0
0
-0.471483708332523
0
0
0
-0.707212517485639
0
0.758746773385312
0
-0.0117608418811073
0
0.289385807673955
0
0
-0.432799398037224
0
0
0
0.671664770468414
-0.956312984812557
0
0.14977727336287
0
0
0
0
0
0
0
0
0
0.251178091748024
0
-0.196767098797943
0.391159340909394
0
0
-0.153860433608292
0
0
0
0
0
0.362558561134818
0
-0.469432321442337
-0.00837525349036502
0.464657026326863
0
0
0
0
0
0
0
0
-1.31908664372277
0
0
0
0
0
0
-0.246904771193605
0
0.493214786474036
0.336713025922952
0.347995811784519
0
0
0.493041556192708
0
-0.139029379841774
0
0
0.375224608980475
0
0
-0.446928667622207
0
0
-0.136561268896038
0
0
0
0
0
0
0
0
0
0.214044463581912
0
0
0
0
0
0
0
0
0
0
0
-0.783666433614413
0
0
0
0
0.48804779628951
-0.993075853953014
0
0.212297712518311
0
0
0
0
0
0
0
0
0
0
0.372341803013245
0
0
0
0
0
0
0
0
0
0
0
0
0.0973951658317179
0
0
-0.128897134871093
0.183857244464177
0
0
0.621730708814396
0
0
0
0
0
0
0
0
-0.291969469233955
-0.936936567191536
0
0
0
0
0
-0.0863022406822557
0
0
0.13026989228667
0.380386065345434
0
0
-0.182775890495232
-0.296109417638363
0
0
-0.237317954275245
0
0
0
0
0
-0.564911543243239
0
-0.375576267582792
0
0
0
-0.669416753338176
0
0.419866178745979
0
0
0
0
-0.0958846116678909
0
0
0
0
0
0
0
-0.114159520560023
0
-0.279901058740478
0
0
0
0
-0.337253989476348
0
0
-0.84788050017642
0
0.469772019784724
0
0.672495986822977
0
0
0
0
0
0
0
0
0
0.229858749522104
0.257666528409303
0
0.494907516672733
0
0
0
0
0
0
0.508481047615585
0
0
-0.42966979275078
-0.330652478995166
0
0
0
0
-0.423956754520342
0
0
0
0.241336656417574
-0.0221842132785023
0
0
0
0
0
0
0
0
0
0
0
0
0
0.0897101708102629
0
0
0
0
0
-0.498868540352822
0
0
-0.220541977792583
-0.154400278981702
0
0
0
0
0
0
0
0
0
0
0
0
0
0.496348490444329
0
0.78094807863129
0
0
0
0
0
0.465918209345663
0
0
0
0
0
1.17290438769404
-0.0866293947413696
0
0
0
0
0
-0.0886831359677472
0
0
0
0
0
-0.0384376240335242
0
-0.397683115462074
0
0
0
0
0
0.556827012327312
0
-0.0386628657758793
0
-0.0175887859372441
0
0.263468111029378
-0.0697788351099482
0
0
0
0
0
-0.161079044828588
0
0
0
0
0
0.252429062743969
0
0.165266369574014
0
0
0
-0.348781966606911
0
0
0.692669474465655
0
0
-0.812810967348128
0
0
0.620484579031449
0
0
0
0
0
0
0
0
0
0
0
0
0
0
0
0
-1.22399562760824
0
0
0
0
1.04207330706508
0.282747594229262
0
0
-0.220763712708785
0
0
-0.986869424670065
0.250476533586477
0
0
-0.304037530565996
0
0
0
0
0
1.12401203280915
0
0
0
0
0
0
0
0
0
0
0
0
0
0
-0.128832253146902
-0.364247822229936
0
0
0
0
0
0
0
0
0
0
-0.796337678247713
0
0
0
-0.0953949768934537
0
0
0
0
0
0
-1.12288746681885
0
0
0
0.218299621735901
0
0
-0.214014506619494
0
0
0
0
-0.0959723865434474
0
0
0
0
-0.422867758294282
0
0.0417163852586514
0
0
0
0
-0.422089905332536
0
0
0
0
0
0
0
0
-0.940121485339495
0
0
0
-0.307545224075249
0
0
0
0
0
0
0
0
0
0
-0.362624303404101
0
-0.330571701553943
0
0
0
-0.476005885523005
0
0
0
0
0
0
-0.217525666512709
0
-0.672307319320429
0
0
0.00401609732857403
0
0
0
0
0
-0.227504690628791
0
0.0893048416776388
0
0
0
0
0
0
0
0
-0.0336428091053005
0
-0.269553265298933
-0.184295755697652
0
0
0
0
0.670036823021335
0
0
0
0.266930223524757
0
0.77534552670609
-0.0334826549753412
0
0
0
0
0
0
0
0.092751219832025
0
-0.288354331823548
0
0
0
0
0
0
0
0
0
0
0
0
0
0
0
-0.633642748697033
0
0
0
0
0
0
0
0
0
0
0
0
0
0
0.335614299917084
0
0
-0.717666487251469
0
0
0
0
0
0
-0.694546420327394
0.15154863057723
0
0
-0.0598670303009659
0
0
0
0
0
-0.190337657016566
0
0
0
0
0.0534572959178471
0
0
0
0
-0.456611597547721
-0.0602574147695889
0
-0.697382216761616
-0.261730257238168
0
0.0458005541400245
0
0
0
0
0.851797664776092
0.477978631338001
0
0
0
0
0
0
-0.216435233758197
0
0
0
0
0
0
0
-0.0752640017498557
0
0
-0.212081794493946
0
0
-0.340111454474377
0
0
0
0
0
0
0
0
0
0
0
0.434187939400507
0
0
0
0
0
0
0.558963388592967
0
0
0
0
0
0
0
0
0
0
0
0
0.126598487888721
0
0
-0.00839067100949036
0
0.322908735300206
0
-0.158820101418785
0
0
0
-0.725879336117943
0
0
0
0.145509297148853
0
-0.23470224818475
0.0271555423976261
0
0
0
0
0.069224561177203
0
0
0
0
0
0
0
0
0
0
0.161296690388572
0
0
0
0
0
0
0
0
0
0.340985228606991
0
0
-0.141876323558726
0
0
-0.401907586641986
-0.208223514918677
0
0
0
-0.658647945867242
-0.464458659293637
0
0
0
0
0
-0.432986634676132
0
0
0
0
0
0
0
0
0
0
0
0
0
0
-0.0963348328304599
0
0
0
0
0
0
0
0
0.316021375539475
0
-0.157147872794256
0
0
0
0
0
0
-0.35064034441943
0
0
0
0.129329351689957
0
0
0.0385698955533021
0.239197554560815
0
0
0
0
0
-0.594001257390047
-0.0284234886625714
0
0
0
0
0
0
0
0
0
-0.857702582267407
0
0
0.575319549634211
0
0
0
0
0.17054772422772
0
0
0
0
0
0
0
0
0
0
-0.738764640270146
0
0
0.615279656557549
0
0
0
0
0.398466153365121
0.481296555371426
-0.0658834729473232
0
0
0
0
0
0
0
0
0
0
0
0
0
0
-0.692565904295717
0
0
0
0
0
0
0
0
0
0
0.747441688397986
0.0479296315106863
0
0.479627377995706
0
0
0
0
0
0
0
0
0
0
-0.401982515122274
-0.839987741437832
-0.43949381520007
0
0
0
0
-1.40409431101302
0
0.0396656895036155
0.51293987965218
0
0.235967490761844
0
0
0
-0.475345732882422
0
0
0.660191098114261
0
0
0
0
0
0
0
-0.0299969372793308
-0.20562456656608
0
0
0
0
0
0
0
0.157573547616681
0.100542429167769
0.187416457741086
0
0
0
0
0
0
0
0.631132424612339
0.147165401821372
0
0
-0.278094594074959
-0.308912926586521
0
0.651336347595156
0
0
-0.488518167643341
-0.380330301979874
0
-0.027110003642531
0
0
0
0
0
0
0.432868213306746
0.0308942319164493
0
0
0
-0.782858046760425
0
0
0
0
0
0
0
0
0
0
0
0
0.291955876385082
0
0
0
-0.219266211196734
0
0
0
0
-0.0344754535803816
-0.785638183441089
0
0
0
0
0
-0.484955628764079
0
-0.349541396474556
0.214273657864025
0.344520469868405
0
0
0
-0.0546578226434564
-0.181301881246126
0
-0.019951460189603
0
-0.295861419882561
0
0
0
0
0
0.060442679715664
0
0
0
0
0
-0.0544859374469156
0
0.161400640659117
0
0
-1.54939098152326
0
0
0
0
0
0
0
0
0
0
-0.635635688238984
0
0
0
0
0
0
0
0
0
0
0
0
0
0
0
0
0
-0.0378256326804063
0
0
0
0
0
-0.500070068832761
0
0
0
0
0
0.261869702374689
0
0
0
0
-0.633488769025438
0.574430821438757
0
1.11094089583073
0
0
0
0
0
0
0
0
0
0
0
0.140107736394828
0
0
0
0.299143473084394
-0.174402868364567
0
0
0.388181912597638
0
-0.675632347734318
0
-0.171683396677551
0
0
0
0
0
0
0
-0.256566041615853
0
0
-0.31730244334207
0
0
-0.73132446181886
0
0
0.0776419305370236
0
0
0
0
0
0
0
0.0411472805685369
0
0
0
-0.664670808947271
0
0
0
-0.16671891029445
0
-0.764049449878985
0
0
0.239523252704004
0
0
0.649991926925
0
0
0
0.628956893464646
0
0
0
0
0
0
0
0
0.150810744816085
0
0
0
0
0
0
0
0
0
0.557870754689911
0
0
0
0
0
0
-0.143902833128686
0
-0.374884262631395
0
0
0.492603713224605
0
0
0
0
0
0
0
0
0
1.35941528904263
0
0
0
0
0
0.00481154496979789
0.335471148698238
0.693201011829745
0
0
0
0
-0.437995625601196
0
0
0
0
0
0
0
0.420880162124456
0
0
0
0
0
0
0
0.175600142751673
0
0.341187097642199
0
0
0
0
0
0.507784624761108
0
0.0443303020709282
0
0
0
0.477245160048632
0
0
0
0
0
0
0
0
-0.250367872804549
-0.155076801989006
0
0
0.700534187720212
0
0
0
0
0
-0.231043848996164
0
0
0
0
0
0
0
1.10145659403668
0
0
0
0.480646423378524
0
1.00341242421363
0
-0.152763440300067
0
0
0
0
-0.114703538730087
0
0
0.345002386419493
0
0
0
0
0
0
0
0
0
0
0
0
0
0
0
0
0
0
0
0
0
0
0
0
-0.184843866396627
-0.331789901938713
0
0.137592134373421
0
0
0
0
0
0
-1.33293425275246
0
0
0
0
0
0
0
0
0
0.584593843181487
0.809825824465957
0
-0.0420881966634494
0
0
0
0
0
0
0
0
0.169394536895322
0.240105066079332
0
0
0.158591031334664
0.322475858929499
0
0
0
0
-0.431316622874722
0.75729590067076
0
0
-0.558340857097194
0.0515184020334495
-0.792424914408454
0
0
0
0
0
0
0.728053370368605
0
-0.108883064165649
0
0
0
0
0
0.146207581153097
0
0
0
0
0
0
0
0
-0.218595534485211
0.198875396355191
0
0.742795324011217
0
0.527631805262248
0
0
0
0
0
0
0
0
1.29567733059465
0
0
0
0.0459010159008861
0
0
0
0
0
0.376244321507256
0.749353340340671
0
0
0
0
0
0.220681279614316
0
0
0
0
0
-0.147150623027177
-0.851636282284574
0
0
-0.354299056534465
0
0
0
-0.281418601770421
0
0
0
0
0
0
0
0
0.544392794173672
0
0
0
0
0
0
0
0
0
0
0.648581460996522
0
0
0
0
0
0
0
0
0
0
0
0
0
0
0
0
0
-0.142903003060594
0
0
-0.116543459546648
0
0
0
0
0.557936305803408
0
-0.300614777408406
0
0.414155113113224
0
0
0
0.548856640968596
0
0
0
0.365069123976777
0
0
-0.0950492578946692
0
0
0
0
0
0
0
0
-0.353711456268794
0
0.848508057531873
0.21647917746537
0
0
0
0
0
0
0
0
0
0.0449803653709581
0
0.560948262761071
0
0
0
0
-0.288302933412684
0
0.582847155954202
0
0
-0.100550249192569
0
0
0
0
0
1.03480505388603
0
0
-0.681338322242443
0
0
-0.0222967710726915
0.00377648745999498
0
0
0
0
0
0
-0.0473309457102613
0
-0.180420829230723
0
0
0.0738779364992974
0
0
0
0
0
0
0
0
0
0.207219482144143
0.646257540278671
0.0252859433970856
0
0.397313811831341
0
0
0
0
0.620874583422572
0
0
0
0
0
0
0
0
0.822181118677868
0
0
0
0
0
0
0
0
0
0
0
0
0
0
0
0.250457571930336
0
0
0
0.212881130379013
-0.0597225781814882
0
0
0
0
0
0
0
0.501897454710002
0
-0.0444571870206265
0
0
0
0.636055987652127
0
0
0
0
0
-0.272783145910006
0
0.318565097170416
0
0
0
0
0
0
0
0
0
0
0
0
0
0
0.737129736821572
0
0
0
-0.256500374780516
0
-0.271158322026017
0
0
0
0
0
0
0
0
0
0
-0.281272480593402
0
0
0
0
-0.513826452768961
-0.966247638300661
0
0
0
0
0
0
0
0
0
0.576102424165524
0
0
0
0
-0.639447917810359
0
0
0.214668659075891
-0.0605229971739061
0
0
0.625678667568998
0
0
0.838938811706002
0
0
-0.936094046694265
0.0618325512540106
0.218357863056948
0
0.0285737703265022
0
0
0
0.660235122426759
0
0
-0.778732613611341
0
0
0
0
0
0.253548709278416
-0.136154575907559
0.314318149279371
-0.589938942962335
0.0895996478929227
0
0.151646983832462
0
-0.245957473335254
0
0
0
0
0
0.713508075874702
0
0
0
0
0
0
0
0
0
0
0
0
0
0
0
-0.883994148348001
0
-0.416457166210001
0
0
0
0
0
0
0
0
0
0
0
0.843312912483588
0
0
0
0
0
0
0
0
0
0
-1.39696999414927
-0.510063582156528
-0.581558876897575
0
0
0.0391135817876351
0
0
0
0
-1.08658570667447
0
0
0.424438192772296
0
-0.265106590528684
0
0
0
-0.333996051731833
0
0
-0.204452506549601
0
0
0
0
0
0
0
0
0
0.173500930599065
0
0
0
0
0
0.177222366440652
0
0
0.160000977530264
0
0
0
0
0
0
0
0
0.293557459113476
-0.298706992112736
0
-0.591026391600085
0
0
0.171003872330328
0
0
0
0
0
0
0
0.363413439823466
0
0
0
1.20133957007779
0
0
0
0
0
0
0
0
0
0
0
0
0
0
0
0.311732375523103
0.302993489739029
0
0
0
0
-0.273148454954318
-0.406363839761836
-0.978190367666869
0
0
0
0
0
0
0
0
-0.801754242922618
0
0.774200078671951
0
-0.250616019139714
0
0
0
0
0
0.330837832870052
0
0
0.465243388540781
0
0
0
0
0.582946734057356
0
-0.948308877614002
0
0
0
0
0
0
-0.235126896290773
0
0
0
0
0
0
0
0.00232436406528229
0.353967147518286
0
0.196880217789132
0
0
-0.0298666769145235
0
0
0
0
0
0
0
0
0
0
0
0.285145300932167
0
0
0
0.579504137274068
0
0
0
0
0
0
0
0.89456018916762
0.122873183099216
-1.18456441532225
0
0
0
0
-0.445571570316833
0
0
-0.180118255307456
0
0
0
0
0.173115876959342
0
0.567241833509511
0
0
0
-0.312856990914763
0
0
0
0
0
0.0261054988768011
0.0100017913269368
-0.15108403657178
0
0
0
0
0
0
0
0
0
0
0
-0.366789122300075
0
-0.535207963669172
0
0
0
0
-0.316737126242632
0
-0.271060625920658
0
0.673956890162644
0
0
0
0.328007938422397
0
0
0
-0.304525283948858
0
-0.249042892050327
0
0
0
0
0
0
0
0
0
0
0
-0.422896776115629
0
0
0
0
0
0
-0.12995949964216
0
0
0
0
0
0
0
-0.319677612225362
0
0
0
0
0
-0.486161170454041
0
0
-0.717066747078363
0
0
-0.561094318751016
0
-0.591704553430455
0
0
0
0
0
0
0
0.211993569160652
0
0.395931026210748
0
0.209228568315469
0
0.173366653578423
0
0
0
0
0
-0.175442777969937
0.35398972652188
0
0
0
0
0
0
0
0
0.0651050659078967
0
0
0
-0.136836408487665
0
0.247326022297679
-0.387412155155871
0
0
0.104433892251223
0
0
-0.423703126868058
0
0
0
0
-0.0330153380963613
0
0
0
0
0
0
0
0
0
0
0
0
0
0
0
0.0236409282455106
0
-1.40291186779322
-0.426924691393894
0
-0.405290300538804
0
0
0
0
-0.113329798685336
0
0.475363376228424
0
0.0495722708229924
0
0
0
0
-0.474113530592233
0
0
0
0
0
0
-0.384389773766253
0
0
0
0
0
0
0
0
0
0.64180593681501
0.107660967178544
-0.777140159398036
0
0.202756397594981
0
0
0
0
0
0
0.474581915891594
0
-0.201257711805663
0
0
0
-0.0177936403941279
0
0
0
0
0
0
0
0
0
0.277761593347019
0
0
0
0
-1.6570683021105
-0.106575817563936
0
-0.717392783794006
0
0
0
-0.239492542013041
0
0
0
0
0
0.282719086903606
0
0
0
0.402114517613137
0
-0.188021299985236
-0.484444812860301
0
0
0
-0.684756124605083
0
0
0
0
-0.712532138335752
0
0
0
0
0
0.552207936215927
0
0.336197900929155
0
-0.144011231386588
-1.28457191238114
-0.0575663189335689
0
-0.417768139134113
0
0
0
0
0.123598804700952
0
0
0
-1.00389645797415
0
-0.348644148254907
0
0
0
0
0
0
0
0
0
0
0
-0.188951731776321
0
0
0
0
0
0
0
0
0
0.0213573560594319
-0.563465956116438
0
0
0.551904690218099
0
0
0
0.336393396207569
0
0
0
-0.575642784211384
0
0
-0.493726606026221
-0.0719385490270058
0
0.267084550411068
0
0
0.382764941763844
0
0
0
0
0
0
0
0
0
0
0
0
0
0
0
-0.282403265171604
0
0
0
0
-0.782292156271254
0
0
0
0
0
-0.785575966132297
0
0
0
-0.905063031289731
0
0
0.33396158883089
0
0
0
0
0
-0.671904353674054
0
0
0
0
0.0705932662753735
0
0
-0.0847838617891911
0
0
0.55319867060525
0
0
0
0
0
-0.250822004584618
0
0
0.544529725396897
0
0
0.481734847333124
0
0
0
0.070925369939127
0
0
0
0
0
0
0.571034014314212
0
0
0
0.00301270608838553
0.114767841671094
0.405202190104302
0
0
0
0.780240155440959
0
0
0
-0.173328914726477
0
0
-0.604957877818898
0
0
0
0
0
0
0
0
-0.228412359965304
0
0.804361526095321
0
0
0
0
0
0
0
0
0
0
0
0
0
-0.66688704401451
0
0
0
-0.769527540367621
0
0
0
0
0
0
0
0
0
0
0
0
-0.948963292980402
0
0
0
0
0
0
0.765746884533072
0
0
0
0
0
-0.505446728494193
0
0
0
0
0
0.021535856855469
0
0
0
0
-0.405828187453445
0.554489982481758
0
0
-0.0849253705544704
-0.0476571985471207
0
0
0
0
0
0
0
0
0.142711758819979
0
0
0
-0.929499210389306
0.249925173014664
0
0
0.189261130861733
0
0
0
0
0
-0.116101944960503
0
0
-1.28278975193825
0
0.997682407486652
0
0.0412963171739029
-0.309299029846653
0
0
0
0
-0.0340895377863462
0
0.371679602624431
0
1.05389570733628
0
-0.507991497884061
0
0
0
0
0
-0.500986343322987
0
0
0
0
0
-0.643922181827739
-0.156280356708203
-0.209724044561991
0.44061728582645
0
0
0
0
0
0
0
0
0.137137827440424
-0.403574121170953
0
0
0
-0.457392708085998
0
0
0
-0.453323699393988
0.224303073782353
0
0
0
0
0
-0.302645738060298
0
-0.28467728990677
0
0
0
0
0
0
0
0
0
0.199321987527886
0
0
0
0.775503863165508
0
0
-0.425621429624811
0
0
0
0
0
0
-0.0385106659161083
0
0
0
0
0.229494157603497
0.497700019742439
0
0
0.115603998588473
0
0
0
0
0.374020166275178
0
0.101032070035785
0
0
0
0
0
0
0
0
0
0.458680525420455
0
0
0.441691266614004
0
0
0
0
-0.22846656431368
0
0
0
0
0
0
0
0
0
0
0
-0.696834603724658
0
0.00298082264245148
0.337751850090609
0
0
0
0
0
0
0.906449014573185
0
0
0
0.559351749261449
0
0
0
0
0
0
0
0
0.0480635695419273
0
0
0.534229835597391
-0.619586854490725
0
-0.670947077858204
-0.544654488496554
-0.162934242340144
0
-0.288437447182515
0
0
-0.24264639978461
0
0
-0.534876468424557
0
0
0.118041510942263
-0.17944487612433
0
0
0
0
-0.22659056354948
0
0
0
0
0
0
0
0.934764909141185
0
-0.386092115286547
0
0.286842147804134
0
0
0
0
0
0
0
0
-0.467908703480052
0
0
0
0
0
0
-0.347448035060132
0
0
0
0
0
0
-0.790822877402344
0
0
-0.131072029865827
0
0
0
0.450973873733641
-0.342668592762842
0
0
0
0
0
0
0
0
0
0
0
0
0
0
0
-0.744577419802382
0
0.135200608423535
0
0
0
0
0
0
-0.484443347492552
0
0
-0.284462808518711
0
0
0
0
0
0
0
0
0
0
-0.628446678401785
0
0
0
0
0
0
0
0
0
0
0
0
0.452712613990528
0
0
0
0
0
0
0
0
0
0
0.448299585097558
0
0
-0.321703157892905
-0.736736290948553
0
0
-0.180434514914653
-1.19407581326675
-0.0859277833380144
0
0
0
0
0.355825969195443
0
0
0
0
0
0
0
0.325727715855046
0
0
0
0
-0.52573114632177
0
0
0
-0.165951705413154
0
0
0
0
0
0
0
0
0
0
0
0
0.29792063123156
0
0
0
0
0
0
0
0
0
0
0
0
0
0
0.323557873680148
0.0458952632607088
0
0
0
0
0
0
0
0
-0.0766631382940138
0
0.479878773644208
0
0
0
0
0
0
0
0
0
-0.728130782272652
0
-0.701477902302039
0
0
0.46320237001372
0
-0.195361903183687
0
0
-0.439378558353695
0
0
0
0
0
0
0
0
0
0
0.173740617095477
0
0
0
0
0
0
0
0
0
-0.938419585779177
0
0
0
0
0
0
0
-0.451751446080486
0
0
0
0
0
0.0147951922007514
0
-0.290509261741015
0
0
0
0.0768431449538963
0
0
0.00890836531515862
0.148477296934714
0.0828306112066042
0
0
0
0
0
0
0
0
0.420931310742762
0
-0.52902746008946
0
0
0
0
0
-0.549849742834367
0.588046937321522
-0.703789085108817
-0.304701428145147
0
0
0
0
0.543530959279998
0
0
0
0.444058691356773
0
0
0.776200380717617
0.102234871457768
-0.142593404082924
0
0
0
0
0
0
0.414874708547313
0
0
-0.0773744411368713
0.284785304762402
0
0
0
0
0
0
0
0
0
0.0145969988621295
0
0.509696963938681
0
0
0
0
0.101438080524705
0
0
0
0.0864117448837213
0
0
0
0
0
0
0
0
0
0
-0.29299041439609
0
1.31044438596221
0.153285352245157
0
0
0
0
0
0
0
0
0
-0.283403490210294
0
0
0
0
0
0
0
0
0
-0.297854241871294
0.38825004849507
0
0
-0.543236026934647
0.14088533418437
-0.210656871394037
0.0406824157770173
0
0
0
0
0
0
0
0
-0.249873519552995
0
0.536201839459475
0
0
-0.330277328383231
0
0
0
0
0
0
0.0958912812964596
0
0
0
0
0
0
0
0
0
0
0
0.99412571952603
0
0
0.954181834338259
0
0
0
0
-0.10007251712387
0
0
0.041430094277329
0
0
0
0.865514638427229
0
-0.522462238409451
0
0
0.397507185900869
0
0
0
0
0
0
0
0
0
0
0
0
0
0.445549256901162
-0.0179081624536226
0
0
0
0.25966779661173
-0.270976368297759
0
0
-0.456711982608728
0
0
0
0
0
0
0
0
0
0
0
0.248639761962223
0
0
0
-0.108852519145664
0
0
0
0
0
0
0
0
0.264794616838421
0
0
-0.279780915397193
0
0.0796711399485492
0
-0.291439856501421
0
0
0
0
0
0
0
0
0
0
0.175011238282699
0
0
0
0
0
0
0
0
0
0.135291123000534
0
0.183677557774276
0
0
0
-0.137107387372425
0.367898657636498
-0.543445312665235
-0.829324633881679
0
0
-0.262607238636804
0
-0.15915596240557
0
-0.373601202275093
0
0
0
0
0
0
0
0
0
0
0.80450122521318
-0.0491028673506275
0
-0.76576283469798
0.0287609898065861
0
0
0
0
0
-0.942945203271307
-0.0340737033238233
0
-0.021511262107476
0
0
0
0
0
0
0
-0.508935054548784
0
0
0
0
0
0.584592469222146
0
-0.468973965102908
0
0
0
0
0.151955339577125
0
0
0
0
0.150667918884101
0
0.356280037573115
0
0
0
0
-1.04349290189797
0
-0.08490963919915
-0.118932973213022
0
0
0
0
0
-0.134258047300145
0
0
0
0
0
0
0
0
0
0
0
-0.0377610245739621
0
0
0.362463094690198
0
0
0
0
0
-0.59987825873075
0
0.188336045338953
0
0.755146947056719
0
0
0
0
0
0
0
0
-0.543888327140377
0
0
0
0
0
0
0.597538588294183
0
0
0
-0.329149163981186
-0.56282720698845
0
0.562736686694117
-0.264409772955433
0
0.513810514106662
0
0
0
0
0
-0.240872402536924
0.0948552189449656
0
0
0
0.721848530499829
0
0
0
-0.00182357213694703
0
0
0
0
0
0
0
0
0.275676687804568
-0.767021457497223
0
0.14467773797757
0
0
-0.0118674111399635
0
0
0
0
-0.878185489042719
-0.160244375229146
0
0
0
0
0
0
0
0
0
0
0
0
0
0
0
0
0
0
0
-0.279867766689636
0
0
0
0
-0.546534678039742
0
0.682435438888313
0
0
-0.457506407580064
0
0
0
0
0
0
0
0
0
0
0
0
0
0
0
-0.314498590198068
0
0.0547975880516193
-0.971590523986983
0
0.33538705860687
0
0
0
0
0
0
0
0
0
0
0
0
0.0743343469573453
0
-0.298208649563269
0
0
0
0
0
0
0
0
0
0
0
0
0.558627422255666
0
0
0
0.0270394602703576
0
0
0
0
0
0
0
0
0.0436013596945515
0
0.669467333591026
0
0
-0.711220460629415
0
-1.37805508291479
0
0
0
0.0669773240183182
0
0
0
0
0
0
0
0
0.0351869959899742
-0.737636722805743
0
0
0.118932922139083
0
0
-0.0164470207615777
-0.73708024589834
0.580199381547423
0
0
0
0
-0.985198203571936
0
0
0
0
0
-0.56323333144454
0
0
0
-0.697477392830169
-1.49624880795677
-0.0471845929693707
0
0
0.289125625025595
-0.435287832067989
0
0.619606752183314
0
0
0
0
0
0
0
-0.221056124782469
0
0.917333493123386
0
0
0
0
0
0
-0.54300919163133
0.106773172144179
0.213382972407512
0
0
0.242458969731462
0
0
0
0
0
0
0.74506572684232
0
0
0
0
0
0
0
0
0
0.0424729453873375
0
0
0.650836177153226
0
0
0
0.243553165376263
0
0
0
0
0
0
-0.640255326328676
0
0
0
0
0
0
0
0
0.31471603923239
-0.29464003638394
0
0
0
0
0.22978688687294
-0.24467593864154
-0.732076264489006
0
0.746376798437059
0
0
0
0
0
0
0
0
0
0
0
0
0
0
0
0
0
0
0.118646691234059
0
0
0.684694358581308
0.135645076879233
0
-0.354806595494639
0
1.01157744713982
0.0914655057965208
-0.946217774367989
0
0
0
0
0
0
0
0
-0.568017881525097
0
0
0
0
-0.588315950658876
-0.441572855357624
0
0
0
-0.813693945827441
-0.285031871508008
0
0
0
0
0
0
0
0.509341277242776
0
0
0
0
0
0
0
0
0
0
0
0
0.43762259191708
0
0
0.251904613645043
0
0
0
0
0
0.493734819761388
0
0
0.362555979076231
0
0
0
0
0
0
-0.645209641486409
0.808365202723559
0
0
0
-0.384249478039834
0
-0.279386028018158
0
0
-0.179564158366867
-0.0374606352548954
0
0
0
0.325543760671935
0
0
0
0.0126934477235603
0
0
0.48537309719391
0
0
0
0
0
-0.891266855708774
0
0
0
0
0
0
0
0
0
0
0
0
0
0
0
0.275945339258567
0
0
0.629261998504803
-0.146128503847297
0
0
0.55885145289252
0
-0.618864570894002
0
-0.2910416845879
0
-0.179169599270597
0
0
0
0
0
0
0
0
0
0
0
0
0
0
0
0.574230748490776
0
0
0
0
0
0
0
0
-0.496895061385097
0
0
-0.127179407663167
0
0
-0.161277840350742
0
0
0
0
-0.0871231646037862
0
0
0
-0.288609645236623
0
0
0
0
0.679012145675374
0
0.0563128042225825
0
0
-0.212940766024911
0
0
0
0
0
0
0
0
0
0
0
0
0
0
0
0
0
0
0
0
0
0
0
-0.539977229109373
0.292021556295412
0.543177962915912
0
0
0
0
0
0
0
-0.41648799233417
0
0
0
0
0
0
0
0
0
0
0
0
-0.186950796014594
0
0
0
0.321588947998593
0
0.493629625097554
0
0.747246519679591
-0.225265960366742
0
0.475391650318278
0
0
0
0
0
0
-0.998477537879326
0
0
0
0
-0.528441384672536
0
0
0
0.26675472297957
0
0
0
-0.600096315952147
0
0
0
0
0
0
0
0
-0.0590939055482321
0
0
0
0.0700262515232174
-0.21300179404031
0
0
0
0
-0.168589200910081
0
0.26671692848745
-0.0569445631235594
0
0
0
0
0
0
0
0
0
-0.299940721925647
-0.0155481815981731
0
0
0
0
0
0
0
0
0.341208638888081
