0
0.241271314311278
0
0
0.31604738009864
0
0
0
0
-0.368310694548939
0
0.241470784296374
0
0
0
0
0
-0.772366058175483
-0.647296341908732
0
0.534636691594858
0
0
0
0
0
0
0
0
0
0.482122779204673
0
0
0
0
0
0
0
-0.375727340836236
0
-0.404355448649346
0
-0.146993548231094
0
0
0
0
-0.619580374138047
0.734819803689287
0
0
0
0
0
0
0.391386409199662
0
0
0
0
0.295124910151419
-1.32327022292627
0
0
0
0
0
0
0
0
0.0706302093400086
0.152456485536039
1.00800172025399
0
0.218161561902704
0
0
0
-0.168441892392565
0
0
0
-0.171759162113979
0.398485103977102
0
0
0
0
0
0
0
0
0
0
0
0
0
0
0
0
0
0
0
-0.275886478142786
0
-0.29506377293701
0
-0.758653023345761
0
-0.391728222648678
0
0
0
0
0
1.18885759041587
0
0
0
0
0
0
0
0
0
0
0
0
-0.0824704515862928
0
0
0
0
0
0
0
0
0
0
0
0
0
0
0
0.544761289321384
0
-0.403743978258085
-0.13287858909999
0
0
0
0.757767775366062
0
-0.115741914340672
0
0
-0.501034161349414
0
0
0
0
0
0
0
0
0
0
0
-0.594191690074274
0
0
0
0
0
-0.73974412272308
-0.254827206058248
0
0
0
0
0
0
0
0
0.824692494504897
0
0
0
0
-0.322469147728808
0
0
0
0
0.614117605828499
-0.134112935119339
0.00778086651710273
0.00587256391057937
0
0
0
0
0
0
1.05460196163042
0
0
0
0
0
0
0
0
0.0712780400814583
0
0
-0.679653051669976
0
0.39824497468567
0.226335692289278
0
0.266248976116256
-0.326344519682007
0.250936860400653
0.30942637546335
0
0
0
0
0
-0.967896907138307
0
0
0
0
0
0
0
0
0
-0.0421070214002231
0
0
0
0
-0.0157116740783925
0
0
0
0.109441126404266
0
0
0
0
0
0
0.208759652212221
0
0
0.0475763252155183
0
-0.0284462500308033
0
0
0
0
0
0
0
0
-1.11901410929844
0
0
0
0
0
0
0
0.258595420897539
0
-0.803536144938586
0
0
0
0
0
0
0
0
0
0
0
0
0
0
0
0
0
-0.135781999835236
0
0
0.587837215972929
0
0
0
0
0
0.386552513244182
0
0
0
0
0.467414675733333
0
-0.339575368710006
0
-0.393226819834283
0
0
0
0
0
0
0
0
0
0
0
0
0
0.17862935341341
0
0.311081900922235
0
0.68100339903779
0
0
0
0
0
0
0
0
-0.675404861361595
0
0
0
0
0
0
0.430429492521351
0.702999693333493
0
0
-0.0767902150294702
0
0
0
0
0.859577056233979
0
0
0
0
0
0
0
0
0
0
-0.217261656410108
0
0
0
0
-0.440165785557056
-0.0788672559874879
-0.423861647449439
-0.671643877972382
0
-0.016947391521251
0
0.0609417336740208
-0.415970272606679
0.320126438166654
0
0
0.406224128826751
0
0
-0.0124075263129414
0
0
0
0
0
0
0
0
0
0
0
0
0
0
0
0
0
0
0
0.347938766756573
0
0
0.1598823629822
0
0
0
0
0
0
0
0
0
0
0
0
0.0257697261639746
0
0
0.560284425566453
0.104888225724518
0
0
0
0
0
0.60957993400896
0
0
0
0
-0.0148977157780856
0
0
0.234062268011249
0
0
0
0
-0.229142567857776
0
0
0
0
0
0
0
0
0.409068510372853
0
0
0
-0.145180280178963
0.409522336528597
0
0
0
-0.465901466431956
0.335349526662741
0
0.612375410295871
-0.471802032641786
0
0
-0.222313132229168
0
0
0
0
0
0
0.0242334902491842
-0.404826224909501
0
0
0
0
0
-0.683475995809481
0
0
-0.319533825406087
0
-0.00997536113023144
-0.32385165556642
-0.412093202508963
0
0
0
0
0
0
-0.634832870693825
0
0
0
0
0
-0.260530652201278
0
-0.165269048556626
-0.744016348871558
0
-0.474048923195072
0
0
0
0
0
-0.437747956325793
0
0
0
0.482744738611943
0
0
0
0
-0.796846646264699
0
0
0
0
0
-0.859895405721983
0
-1.04348554355849
0
0
0
0
0
0
-0.643108610818995
0
0
0
0
0
0
0
-0.161581309771281
0
0
0
0
0
0
-0.453336543923058
0
0.450235596235626
0
0
-0.414941207934481
0
-0.0427602196768439
0
0
0.451500663792725
0
0.962901170075989
0
1.78741198283577
1.18051223212684
0
-0.14149249095041
0
0.459448482584514
0
0.676246998925542
-0.0468519098272125
0
0
0
0.48703034824147
0
0
0
0
0
-0.940104606973615
0
0.579793961586883
0
0
0
0
-0.4230341388308
0
0
0
0
0
-0.240364718580409
0
-0.0306028362609149
0
0
0
0
0.268032300094352
0.195645974280544
0
0
0
0
0
0.155087699385133
0
0
0.21316985642925
0
0
0
0.468700945001981
0
0
0
0
-0.191723038431778
-0.20603899810708
0
0
0
0
0
0
0
0
0
0
0
0
0
0
0
0
0
0
0
0
0
0.234314769269084
0
0
0
0.234724694038748
0
-0.463639254121558
0
0
0
0
0
0
0
0
0
0
-0.258680633728386
0
-0.584292018714685
0
0
-0.511947100482555
0.939492422019186
0
0
0
0
0
0
0
0.289086153745558
0
0
0.21908405204016
0
0
0
0
0
0
0
0
-0.784179839683338
0
0
0.102536671021582
0
0
0
0
0
0
-0.500268040808077
0
0
0
0
0
0
0
0
0
0
0
0
0
-0.151174719131615
-0.712890507239106
-0.191720364111052
0
0
0
0
-0.0360732644864749
-0.188313086203966
0
0
0
-0.175070713104767
0
0.892201252214557
0
0
-0.148268513391881
0.206184019403057
-0.265225157630539
-0.574904269859839
0
0
0
-0.725276818500479
0
0
0.454091220605354
0
0
0
0
0
0
0
0
0
0
0
0
0
-0.0983147134419231
0
0
0
-0.428935115559395
0.388772155003657
0
0
0
0
0
0
0
0
0
-0.0832242239661357
0
0
0
0
0
0
0
0
0
0
-0.196054891504202
0
0
0
0
0
0
0
0
0
0
0
0
0
0
-0.881454159349444
0.146076589247217
0
0
0
0
0.473865921778072
0
0.590269345591794
0
0.180381280703089
0
0
0
0
0.607316314419934
0
0
0
-0.0950323012975574
0
0
0
0
-0.116793577259933
0
0
0
0
0
-0.860895896979445
0
0
0
0
0
0
0
0
0
0
0
-0.044510070925201
0
-0.159040149926836
0
-0.0406186212738076
0.426878863532661
0
0
0
-0.517102367696997
0
0
0
0
0
-0.407331497078688
0
0
0
0
0
0
0
0
0
-0.365281610849403
0
0
-0.439310752989428
0
0.475549785279059
0
0
0
0
0
0.702253187671942
-0.038787880462964
-0.704185425506798
-0.0732012547530811
0
0
0
0
0.487575098239067
0
0
0
0
0
0
-0.18177626671436
0
0
0.296751599394997
-0.182797841864553
0
0
0
0
0
0
0
0
0
0
-0.0769464952866383
0
0
0
0
-0.295008372825073
0
0
-0.0547949766895459
0
0
0
0
0.0922199140778551
0
-0.188579562223915
0
-0.236173999328392
0
0
0
-0.494760267291551
0
0
0
0
0.181366995482119
0
0
0
0.0254024564644574
0
0.723563175715086
-0.13422100265656
0
0.0920252209052769
0
0
0
1.20653080868647
0
0
0
0
0
0
0
0.872965024269385
-0.0494827015908042
-1.05188966230663
0
0
0
0
0
0.472425468153997
0.697837359719202
0
0
0
0
0.127888195549851
0
0
0
0
0
0
0
0
-0.62565900665973
0
0
0
0
0
0
0
0
0
0
1.12411432747228
0
0
0
0
0
0
0
0
-0.0527045535055686
0
0
-0.10208890514544
0
0
0.00208264509719072
0
0
0
0
-0.0909381597770484
0
-0.359271225941422
0
0
0
0
0
0
0
1.11961576166299
0
0
0
0.46835228084003
0
0.302463784377125
0
0
0
0
0
0
0
0
0
0
0
0
0
0
0
0
0.504835483537453
0
0
0
0
0
0.80117174567569
0
-0.0826250928127697
0
0
0
0
0
0
0
0
-0.810838850988361
0
0
0
0
0.567775265794363
0
-0.118266340331378
0
0
0
0.937159757246192
0
0
0
0
0
0
0
0
0
0
0
0
0
0.205093710684296
-0.0799240258163984
0
-0.127510127068962
0
0
0
0
-0.590425730228486
-1.19492961392676
0
0
0
0
0
0
-0.0927788600796984
0
-0.064385607632962
0
0
0
0
0
-0.623619549979238
0
0
0
0
0
0
0
0
-0.302532941197752
0
0
0
0
0
0
0.501965236351248
0
0
-0.578936293426424
0
0
0
0
0
0
0
0
0.183415268375759
0
0
0
0
0
0
0
0
0
0
0
0.845495473727483
0
-0.043168852927584
0
0
-0.440084427571238
0.202883804044298
0
-0.384011412869346
0
-0.813567379019918
0.386954112284164
0
0
-0.260227617855101
0
0
0.0297565384264763
0
0
-0.469398442313013
0
0
-0.481236414941482
0
0
0
-0.0505019672988505
0
0
0
0.367416110434903
-0.639777067537439
0.575896852304824
0
0
0
0
-0.122834840155318
0
0
0
0
0
0
0
0
0
0
0
0
0
0
0
0.219836960625136
0
0
0
0
0
0
0
0
0
-0.246747870722844
0
0.169865640541388
0
-0.249261104869047
0
0
0
0
0
0
0
0
0
0
0.0943316796417999
0
0
0
-0.145785443458279
0
0
0
0
0
0
0
0
0
0
0
0
0.839734158090143
0
0
0
-0.270363466263364
0.598425815060963
0
-0.452358182217753
-0.244880085948527
0
0.350914841000277
-0.525367131176271
0
0
0
0.256339581775174
0.0343718504363827
0
0
-0.88848011344901
0
0.22272038237955
0
0
0
0
0
0
0
0.767290692956518
0
-0.0991324823843387
0
0
0
0
0
0
0
0
0
0
0
0
-0.153658008790383
0
0
0
0
0
0.193361964589061
0
0
0
0
-0.271376505535597
-0.144379586929459
0
0
0
0
-0.0144758809450291
0
0.0158233396548084
0
0
0
0
0
0
0
0
0.117593031692538
0
0
0
0
0
0.061815918887266
0
0
0
0
0
0
0
0
-0.209969558663108
0
0
0
0
0
0
0
0.143200263115775
0
0
0
0
0
0.229237825862932
0
0
0
0
0.443765969566623
0
0
-0.956648695537998
0
0
0
-0.111353154982372
1.03895296251713
-0.525697579018315
0.242864996064545
0
0
0
0
0
0
0
0.471063696340185
0
0
0
0
0
0
0
0
0
0
0
0
-0.228273731509525
0.807729609201894
-0.273717087731462
0
0
0
-0.292909913953976
0
0
0
0
0
0
0
0
0
-0.503089787678864
0
0
0
0.36659150388655
0
0
0
-0.0782185843497242
0
0
0
0
0
0
0
0
-0.280013838869772
0
0
-0.425917392239262
0
0.842019061753229
-0.78289011963359
0
0.446040673254213
0.603961759026352
0
0
0
0
0
0
0
0
0
0
0
0
0
0
0.352354886252872
0
0
-0.155422642563726
0
0
-0.164465507715782
-0.705062610855393
0.623528122515721
0
0
0
0
0
-0.369796949521614
0
0
0.732125368130828
0
0
0
0
0
0.305376291396831
0
0
0
0
0
-0.405633231370505
0
0
0
0
0
-0.182324318854647
0
0
0.294927519179061
-0.248712366747764
-0.278133742046292
0
-0.42280426402796
0
0
0
0
0
0
0
0
0
0
0
-0.232435327639546
0
0
0
0
0
0.223386754342462
0
0
0
0
0
0
0
0
0
0
0
0
0
1.14940157396971
0
0
-0.364050883561509
0.886802701330111
0
0
0
0
0
0.178529438644075
0
0
0
0
0
0
0
0
0
0
0
0
0
0
0
0
0
0
-0.407645178937778
0
0
0.418318407238519
0
0
0
-0.543273113383434
0.91074349226141
0.187555369060531
-0.444797496771856
-0.123869589979339
-0.229676787452939
0
0
0
0
-0.144411228261271
0.131169362671466
0
0
0.810475503310403
0
0
0
0
0
0
0
0
0.26793881244431
0
0
0
0
0
0
0
0.025336545990427
0.790096635627278
0
0
-0.539728076467377
0
0
-0.55673557946946
0
0
-0.797446266258216
0
0
0
0
-0.638246214884736
0
0
0
-0.374807043432432
0
0
0
0.622242797374035
0
-0.350106196185289
0.778096967085291
0
-0.165136557851388
0
-0.174593543726385
0
0.768594878625024
0
0
0
0
0
0
0
0
0
0
0
0
0
-1.02000291315871
-0.615511896090234
0
-0.535888999352899
0
0
0
0.000882360259092448
0
0
0
0
0
0
0
0
0
0
0
0
0
0
0
0
0
0
0
0.112940239712577
0.907593553994305
0
0
0
0
0
0
0
0
0
0.466230384976328
0
0
0
0
0
0.883065029601859
0
0
0
-0.0195440645036036
0
0
-0.164916105318512
-0.362878646075343
0
0
0
0.157399436231915
0
0
0
0
-0.228522767262159
0.0332728989033425
0
0
0
0
-0.265798653207597
0
0
0
0
0
0
0
0
0
0
0
0
0
0
0
0
-0.512749510034945
0
0
0
-0.436325379134827
-0.572761274960056
0
0
0
0
0
-0.81634250185815
-0.674144249443108
0
0
0
0
0
0
0
0
0
0
-0.192703810496059
0
0
0.667306795252046
0
0
-0.590840932574968
0
0
0.593784936463987
-0.450468117428848
0
0
0.166930397088612
0.738571169235305
-0.384915381786071
0
0.0656915916606474
0
0
0
0
0
0
0
0
0
0.0281937103031162
-0.940084116716027
0
0
0
0
0
0
0
0
0
0
-0.314566241564807
0
0
0
0
0.457711246422318
0
0
-0.0446794705751134
0
0
0.32173243767992
0.191252920197488
-0.626890331839185
0
0.585239379173474
0
0
0
0
0.22349378960476
-0.0469206207643477
0
0
0
-0.304987950200644
0
0
0
0
0
0
0
0
0.233039182907659
-0.534342858597423
0
-0.327528016564351
0
-0.344139358804231
0
0
0
0
0
0
0
0
0
0.638964157921365
-0.457268768805629
0
0
0
0
0
0
0
0
-0.33125631734821
0
0
0
0
0
0
0
0
0
0
0.511649915482793
-0.0167651864803828
0
0
1.74273826897818
0.0313791397014449
0
0
0
0
0
0
-1.1146422856969
0
-0.090359646541032
0.148457946878275
0
0
0
0
0
-0.613886150340042
0
0
0
0
0
0
0
0
0
0
0
0
0
0
0
0
0.131694282652629
0
0
0
0
0
0
0
0
-0.0249613140097773
0
0
-0.450549924907841
0
0
0
0
0.104315673671248
0
0
0
0.54672961632935
0
0
0.697827972222382
0
0.183908154385601
0.527719500527495
0
0
0
0
0
0
0.494911450577751
0
0
0
0
0
0.821665775059123
0
0
0
-0.173119198845524
0
0
0
0
0.0383351264240179
0.352774171826187
-0.422697298526982
0
-0.565989647635373
0
1.14208721048333
0
0
0
0
0
0
0
0
0
0.426134363821027
0
0
0
0
0
0
0
0
0
0
-0.885712906520932
0
0
-0.556160903570393
0
0
0
0
0.111789634952659
0
0
0
0
0
0
-0.044342091049475
-0.273834534952865
0
0
-0.382823893514723
0
0.0789129607108308
0
-0.905678618510545
0
0
0.522524297258948
-0.170858629544652
-0.343616041656044
-0.733164696378387
-0.549467228054797
0
0
0
0
0.34826953179223
0
0
0
0
-0.578735034086502
0
0
0
0
0
-1.17925370157734
0
0
0
0
0
0
0
0
0
0
0.113087014999522
0
-0.306757875747261
0
0
0
0
0
0
0
0
0
0
0
-0.234284653255114
0
0
0
0
0
0
0.698002020379899
-0.297648253115585
0
0
0
0
0
0
0.0259771673008672
0.386319609773747
0
-0.163169638444992
0
0
0
0
0.0759651643632848
0
0
-0.340076591812478
0
0.37892868822648
0
0
0
0
0
0
0.165066789518591
0
0
0
-0.466628242814647
0
0
0
-1.05372024397542
0
0.942932841205896
0
0
0
0
0
0
0
0
0
-0.124587428351046
0
-0.808845669425838
-0.36811745356797
-0.041547464945862
0
0
0
0.0309607484796519
0
0
0
0
0.486201976183983
0
0
0
0
0
0.444797358213578
0
0
0
0
0
0
0.396387629835718
0
0
-0.123688599602254
0
0
0
0
0
0
0
0
0
0.37690632338607
-1.05504283638172
-0.53126572445329
0
0
0
0
0
0
0
0
0
0.493698706484887
0
-0.212361064387224
0
0
0
0
0
0
0
0
0.618547645299429
0
0
0
0
0
0
0
0
0
0
0
0
0
0
0
0
0
0
0
-0.249411245702049
0
0
0
0.550032609151269
1.33921288774114
-0.134183025438452
-0.734361494234202
0
-0.818158500429933
0
0
0
0
0
0
0
0
-0.191904060218416
-1.0052075530927
0.364339581645946
0
0
0.261988233385332
0
0
0
0
0
0
0
0
0
-0.0411397072021995
0
0
0
0.911416600159234
0
0
0
0
-0.22708062209321
0
0
0
0
0
0
0
0.0378880946186044
0.735001106088788
0
0
0
0
0
-0.580033813275899
0
-0.178178206806074
-0.245102577049108
0
-0.0382877382777451
0
-0.140688866781303
0
0
0
0
0
0
0
0.19495499224931
0
0.712811557890835
0
0
0
0
0
-0.0540367700621635
0
0
0
0
-0.346550512554888
-0.227568201840522
0
0.392704309550114
0
0
0.0449101039286918
0
0
0
0
0
0.0252600720370385
0
0
0
0
0
0
0
0
-0.541771571554121
0
0
0
0
0
0
0
0
0
0
0.298606313153303
0
0
0
0
0
0
0
0.65510253991862
-0.555500625370642
0
0
0
0
0
0
0
-0.801812042574822
0
0
0
0
-0.416974885982731
0
0
0
0
0
0
-0.317579236154484
0
0
0
0
0
0
0
0
0
0
-0.476498963372786
0.377949957155817
0
0
0
-0.0766297801012109
0
0
0
0
0
0
0
0
1.38875211904768
0
-0.547092429636715
0
0
0.971897660074821
0
0
0
0.037132917395929
0
0
-0.118660218769937
0
0
0
0
0
0.314268418815866
-1.09647271579039
0
0
0
0
0
0
0
0
0
0
0
0
0
-0.131646169136354
0
-0.344833140903213
0
0
0
0
-0.560481653423331
0
-0.700347951615573
0
-0.169863867353438
0
0
0
0
0
0.0541562912253467
0
0
0
0.154343213418861
0
0
0
0
0.0557748379884326
0
-0.121399443104933
0
0.326356459127067
0.223524017716791
0
0
0
0
0
0
0
0
0.379303710296687
0
0.669860086713985
0
0
0.768387377611327
0
0
0
0
-1.03566225587247
0
0
0
0
0
0
0
0
0
0
0
0.282990589435434
0
-0.674196940566988
0
0
0
0
0
0
-0.116438254855464
0
0
0
0
0.528026748771724
-0.164662707947895
0.262019897690364
0
0
0
0
-0.36653939966732
0
-0.253914445891365
0
0
0
0
0
0
0
0
0
0
0
0
0
0
0
0
0
-0.526915941772704
0
0
0
0
0
0
0
0.0184051470781981
0
0
0
0
0
0
0
0
-0.162766780911209
0.425540640411278
-0.0836239817886716
0
0
0
0
0.477439816557401
0
0
0
0
0
0
0.127988875193448
0
0
0
0
-0.0927084162120783
-0.306306835672043
0
-0.196512229626289
0
0
-0.131438393654309
0
0
0
0
0
0
0
0
0
0
0
0
-0.651948248340366
0
0
0
0
0.281670819634866
-0.366890376432616
0
0
0
0
0
0
0
0
0
0
0
0
0
0
0
0
0
0
0
-0.249899256094385
0
0
0
0
0
0
0
0
0
0
0
0.187198613540756
0
0
0
0.348537566091223
0
0
0
0
0.959239478110107
-0.379074128317277
0
0
0
0
-0.413468465944246
0
0
0
0
0
0
0
0
-0.427666259239813
0.579996476712837
0
0
1.28933358397736
-0.19056502954288
0.269061791063889
0.267544153522894
-0.62659579485477
0
0.84316780279361
-0.760497836864018
0
0
0
0
0
0
0.103307812067432
0.628458720389678
0
0
0
0
0
0
0
-0.84611708423354
-0.364688924293139
0.124325895936412
0
0
0
0
0
0
0.342768030773842
0
0
0
0
0
0
0
0
0
0
0.53617464488494
0
0
0
0
0
-0.199150502559772
0
0
0
0
0
0
-0.0531540511278229
0
0
0
0
0.0893274069291093
0.108933311940616
0
0
0.444235217534059
0
0
0
0
0
0.85846394597798
0.236510024234373
0
0
0
0
0
0
0
0
0
0
0
-0.0369948715619186
0
0.220975724716355
0
0
0
-0.408259502766086
0.530509616770348
0
0
0
0
-0.0729592377427425
-0.523382486868024
0
0
0
0
0
0
0
0
-0.766652761162985
0
0
-0.527764762848276
0.122823915926382
-0.21667421712805
0
0
0
0
0
0.0172665129139277
0
-0.490091924537624
0
0
0
0.0106085331456458
0
0
0
0
0
0
0
0
0
0
0
0
0
0.620948184882254
0.0462109787031713
0
0
0
0.369748018750152
0
0
0
0
0
0
0
0.626218030648196
-0.85471462998862
0
0.360318206106985
0
0
0
0.619458504082812
0
0
-0.612508061176001
-0.542409836720773
0.597494298529566
0
0
0
0
0
0
0
0
0
0
0
0
0
0
0
0
0
0
0
0
0
0
0
0
0
-0.0403008940096108
0
0
0
0
0
0
0
0
0
0
0.240286036865525
0
-0.0691524080811325
1.34708581233566
0.105448349314178
0.496244801308204
0
0
0
0
0
0
0
0
0
0.0655230227986976
0
-0.0651344455597568
-0.378628539853961
0
0
0
0
0
0.400032760653321
0
0
0
0.429169352899343
0.0139757960765354
0
0
0
-0.151263108502457
0
-0.109592187863601
0
-0.100241896197352
0
0
0
0
0
0
0
0
0
0
-0.0831025439278408
0.529578964238896
0
0
0
0
0
0
0
0
0.289876872433134
0
0.353480103330307
0
0
0
0
-0.901533616817127
0
0
0.403295072374466
0
0
0
0
0.173476612229666
0
0
0
0
0
0
0
0
0
0
0
0
0
0
0
0
0
0
0
0.24186950742209
0
0
0
0
0
0.0713607130566103
0
0.281299757534289
-0.655195967851907
0
0
0
0
-0.0490214846786234
0
-0.851715964772781
-0.939428036266529
-0.622161632339664
0
-0.462495048778644
-0.522983657857132
0
0.212353604690946
0
0
0
0
0
0
0
0
-0.83813116291607
0
0
0
0
0
0
0
0
0
-0.686549720730724
0
0
-0.000287818974273526
0
0
0.236957635094297
0
0
-0.89995103234083
0
0
0
0.653084773222051
-0.0420975766811506
-0.197533238998321
0
0
0
0
0
0
-0.0347788819100928
0
0.152730170972203
0
0
0
0
0
0.250053100920526
0
-0.34912211997858
0
-0.256882215341355
-1.04254981611766
0
0
0
0
0
0.473912396314163
0
0
0
-0.444479795316412
0
0
0
-0.412881592245981
0
0
1.49008784004011
0
0
0
0
0
0
0
-1.0716564282946
0
0
0
-0.445120887867152
0
0
0
-0.255335176772381
0
0
0
0
0
0.138671577624798
-0.210921134748783
0.142924776946251
0.593177239412284
0.00300324069413226
0
0
0
0
0
-0.433935495341758
0
0
0
0
0
0
0
0
-0.508341001002127
0
0
0
0
0
0
0
-0.254167146816329
0
0
0
0
0
0
0
0
0
0
0
0
0
0
0
0
0
0
0
0
0
0
0
0
-0.201151251578341
0
0
-0.0586818578239719
0
0
0
0
0
0
-0.117449228078034
0.0919732132377671
0
0
0
-0.0568678600697996
0
0
0
0
0
-0.899639164946692
0.11833672903564
0
0
0
0.46704861081685
0
0
-1.08193786018455
0
0
0.893816790592456
0
0
-0.578156484509955
0
0
-0.567518452970323
0
0
0
-0.259858111129123
0
0
0
0
0
0
0
0
0.4960527439211
0
0
0
0
0.295066336334456
0.445628902276232
0
0
0
0
0
0
0.746683997865046
0
0
0
0
-0.582588621086391
0
-0.302649121643845
0
0
0.316141299934965
0
0.160291444773251
0
0.0721745411946533
0
0
0
0
0
0
0
0
0
0
0
0
0
0
0
0.794254472535878
0
0
0.412632946847129
0
0
0
0
0
0
0
0
0
0
0
0.286475795031867
0
0
0
0
0
0
0.593071194904125
0
0
0
0
0.325512931303865
0
-0.659310288724911
0.357884263235131
0
0
0
0.189352911204597
0.156641769500255
-0.25431402149312
0
0.302146996733781
0
0
0
0.101395595817985
0
1.62695434947833
0
0
0.36242706885019
0.165219940571116
0
0
0.444432140814777
0
-0.165910973024101
0
0
0
-0.843814279341822
0.148310919595016
-0.111044859450928
0
0
0
0
0
0
0
0
0
0
0
1.00306629318453
0
0
0
0
0
0
0
0
0
0
0
0
0.258967969557038
0
0
0
-0.1595475766341
0
0
0.251817564678871
0
0
0
0
0
0
0
0
0
0.277399337872277
0
0
0
0
0
-0.623564791024827
0
-1.61046625159065
0
0
0
0
0.134920895803023
0
0
0
0
-0.198545059896911
0.0456358008802253
0
0
0
0.486964303542764
-0.949372479711292
0
0
0
0
0
0
-0.032805235227897
0
0
0
0
0
0
0
0.189586014207356
-0.511037618737174
0.583813888783881
0
0
0
0
0
0
0
0
0
0
0
0
0
0
0
0
0
0
0
0
0
0
0
0
0
0
-0.0916239973414041
0
0
0
0
-0.0648614570174455
-0.145786761020169
-0.000876982100418739
0
0
0
0
0
-0.267788889469711
0
0
0
0
0
0.392420627049223
0
0
0
0
0
0
-0.382945548543801
0
0
0
0.145978221061017
0
0
0
0
0
0
0
0
0
0
0
-0.486563839697896
0
0
-0.436730881130957
0
0
0.408653182201063
0
0
0
0
0.560422151055975
0
0.334684505706804
0
-0.263556804582018
0
0
0
0
0.228467990024068
0
0
-0.60997443617796
0.351608667197423
0
0
0
-0.284809353262849
0.626568537394709
0
0
0
0
0
0
0
0
0.397311105079333
0
0
0
0
0
0
0
0
0
-0.251115199420729
0
0
0.237473963984936
0.0582327596383233
0
0
0
0
0
0
0
-0.109140560374644
0
0
-1.24468718295623
-0.30805269348762
0
0
0
0.520813605051524
-0.233274865499977
0
0
0
0.608581060088529
-0.46196106510431
0
0
0
-0.39276480301006
0.695832056956556
0
0
0
0
0.722814113907291
0
0
0
0
0
0
0
0
0.804428766260579
0
0.20093917527076
0
0
0
0.484961297979672
0
0.380002042758683
-0.371597950385346
0
0
0
0
0
0
0
0
0
0.179103926170731
0
0
0
0
0
0
0
0
0
0
0
0
0
0
0
0
0
0
0
0.104221813864975
-0.287490065011329
-0.345698068445213
0
0
0
0
0
0
0
0
0
0
0
0.143537688227867
-0.708878846275517
0
0
0.682561176867199
0
-0.0362946370120915
0
0
0
0
0
0
0.324941726754366
0
0
0
0
0.297242869541671
0
0
0
-0.0826194742345838
0
0
0
-0.0733332402343395
0
0
0
0
0
0
0
-0.676850048843595
0
0
0
0
0
0
0.761324460717753
0
0
0.108718515609321
0
0
0
0
0
0.495745172003775
-0.378484168948028
-0.691932481283836
0
0.038081151746326
0
-0.50395040937126
0
0
0
0
0
0.0260472321370561
0
0
-0.174926112208491
0
-0.0514610181083054
0
-0.127385283266446
0
0.0426954400428198
0
0
0
0
0
0
0
0.162858973481794
0
0
0
0
0
-0.525844325917426
0
0
0.112049123754376
0
0
0
0
0
0
0
0
0
-0.924967961140564
0
0
0
0
-0.566645516586392
0
0.224379962580778
-0.596394629998139
0
0.460657452858284
0
0
-0.761417710221101
-0.461440527732961
0
0
0
0.0692933115956998
0
0
0.593521223300154
0
0
0
0
0
0
0
0
0
0
0
0
0
0
-0.422593981934362
0
0
-1.26997550343473
0
0
0
0
0
0
0.100891878646589
0
-0.206703419685244
0
0.724172058722954
-0.309077171514604
0
0
0
0
0
-0.0130150386496419
0
-0.98261310746562
-0.00139997366482108
-0.351083814923061
0
-0.706536482342953
0
0
0
0
-0.262281105921714
0
0
0
-0.371546406127771
0
0
0
0
0
-1.00085094621282
0
0.395511756147215
0
0
0
0
-0.0162531257908032
0
0
0
0
0
0
0
0
0
0
0
0.221892304669583
-1.49399736848611
0
0
-0.0533533210851045
0
0
0.021322007652062
0
0
0.9203244030336
0.0173526927724004
0
0
0
0
0
0
0
0
0
0
0
-0.0256692753309031
0
0
0
0
0.272525003423867
0
-0.597636933729741
0
0
0
0
0
0
0.293528888535872
0
0
0
0
0
-0.341850161590891
0
0
0
0
0
0
0
0
0
-0.185043712776027
0
0
0
0
0
0
0
0
0
0
0
-0.648449731665937
0
0
0
0
0
0
0
0
0
0.230043789707151
0
0
0
-0.583329924218219
0
0
0
0.934146762715094
0.200350918216932
0
0
0
0.0201954637832357
0
-0.143346016082354
0
0
0
0.0793809596621884
0
0
0
0
-0.435510351587137
0
0
0.135355964477682
0
0
-0.303173786333572
0
0
0
0
-0.22040716898952
0
0
0
0
0
0
0
0
-0.46616419995238
0
0
0
0
0
0
0
0
0.57209905869754
0.377115546694995
0
0.19962811098669
0
0
0
0
0.221358986886948
0
0
0
0
0
0
0
0
0
-0.538919652075398
0
0
0
0
0
0
0
-0.249861484994874
0
0
0
0
0.133908026596915
0
0
0
0.499605637183124
0
0
0
0
0
0.267660510333583
0
0
0
0.827648516178179
0
0
0
0
0
0
0
0
0
0
-0.306918074868607
0.148777738620047
-0.280754176643881
0
0
0
0
0.245091050893828
0
0
-0.560791220355519
0
0
0
0
1.39804345696
0
0
